Height	B.Reward	Coin Emitted	Emission(%)	Days	Years
0000000	1.00000000	1.0	00.00	0000	0.0
0087660	36.90000000	2840189.5	01.58	0060	0.16
0175320	42.50000000	6074849.1	03.37	0121	0.33
0262980	49.19000000	9800405.79	05.44	0182	0.5
0350640	56.99000000	14112408.99	07.84	0243	0.67
0438300	65.88000000	19108161.28	10.62	0304	0.83
0525960	75.87000000	24883212.07	13.82	0365	1.0
0613620	86.96000000	31533987.36	17.52	0426	1.17
0701280	99.15000000	39156913.15	21.75	0487	1.33
0788940	112.43000000	47848415.43	26.58	0547	1.5
0876600	126.82000000	57704043.62	32.06	0608	1.66
0964260	142.30000000	68821100.3	38.23	0669	1.83
1051920	158.88000000	81295134.88	45.16	0730	2.0
1139580	80.85000000	95222477.65	52.90	0791	2.17
1227240	74.09000000	102309781.89	56.84	0852	2.33
1314900	67.89000000	108804505.09	60.45	0913	2.5
1402560	62.22000000	114755736.82	63.75	0974	2.67
1490220	57.02000000	120209936.82	66.78	1034	2.83
1577880	52.25000000	125208305.25	69.56	1095	3.0
1665540	47.88000000	129788535.88	72.10	1156	3.16
1753200	43.88000000	133985692.68	74.44	1217	3.33
1840860	40.21000000	137832209.81	76.57	1278	3.5
1928520	36.85000000	141357015.05	78.53	1339	3.67
2016180	33.77000000	144587282.97	80.33	1400	3.83
2103840	30.94000000	147547558.34	81.97	1461	4.0
2191500	28.36000000	150259756.16	83.48	1521	4.16
2279160	25.99000000	152745791.39	84.86	1582	4.33
2366820	23.81000000	155024072.61	86.12	1643	4.5
2454480	21.82000000	157111255.22	87.28	1704	4.67
2542140	20.00000000	159023994.6	88.35	1765	4.83
2629800	18.33000000	160777192.93	89.32	1826	5.0
2717460	16.79000000	162383999.19	90.21	1887	5.17
2805120	15.39000000	163855809.19	91.03	1948	5.33
2892780	14.10000000	165204895.3	91.78	2008	5.5
2980440	12.93000000	166440900.13	92.47	2069	5.66
3068100	11.85000000	167574342.85	93.10	2130	5.83
3155760	10.85000000	168613112.85	93.67	2191	6.0
3243420	9.95000000	169564222.95	94.20	2252	6.17
3331080	9.12000000	170436439.12	94.69	2313	6.33
3418740	8.35000000	171235897.55	95.13	2374	6.5
3506400	7.66000000	171967857.86	95.54	2435	6.67
3594060	7.01000000	172639332.81	95.91	2495	6.83
3681720	6.43000000	173253828.83	96.25	2556	7.0
3769380	5.89000000	173817482.09	96.57	2617	7.16
3857040	5.40000000	174333799.0	96.85	2678	7.33
3944700	4.95000000	174807162.55	97.12	2739	7.5
4032360	4.53000000	175241079.13	97.36	2800	7.67
4120020	4.15000000	175638178.55	97.58	2861	7.83
4207680	3.81000000	176001967.21	97.78	2922	8.0
4295340	3.49000000	176335951.49	97.96	2982	8.16
4383000	3.20000000	176641884.6	98.13	3043	8.33
4470660	2.93000000	176922396.33	98.29	3104	8.5
4558320	2.69000000	177179239.89	98.43	3165	8.67
4645980	2.46000000	177415045.06	98.56	3226	8.83
4733640	2.25000000	177630688.45	98.68	3287	9.0
4821300	2.07000000	177827923.27	98.79	3348	9.17
4908960	1.89000000	178009379.29	98.89	3409	9.33
4996620	1.74000000	178175056.54	98.99	3469	9.5
5084280	1.59000000	178327584.79	99.07	3530	9.66
5171940	1.46000000	178466964.06	99.15	3591	9.83
5259600	1.33000000	178594947.53	99.22	3652	10.0
5347260	1.22000000	178711535.22	99.28	3713	10.17
5434920	1.12000000	178818480.32	99.34	3774	10.33
5522580	1.03000000	178916659.43	99.40	3835	10.5
5610240	1.00000000	179006949.2	99.45	3896	10.67
5697900	1.00000000	179094609.2	99.50	3956	10.83
5785560	1.00000000	179182269.2	99.55	4017	11.0
5873220	1.00000000	179269929.2	99.59	4078	11.16
5960880	1.00000000	179357589.2	99.64	4139	11.33
6048540	1.00000000	179445249.2	99.69	4200	11.5
6136200	1.00000000	179532909.2	99.74	4261	11.67
6223860	1.00000000	179620569.2	99.79	4322	11.83
6311520	1.00000000	179708229.2	99.84	4383	12.0
6399180	1.00000000	179795889.2	99.89	4443	12.16
6486840	1.00000000	179883549.2	99.94	4504	12.33
6574500	1.00000000	179971209.2	99.98	4565	12.5
6603291	1.00000000	179999999.2	100.00	4585	12.55



Height	B.Reward	Coin Emitted	Emission(%)	Days	Years
0000000	1.00000000	1.0	00.00	0000	0.0
0175320	42.50000000	6074849.1	03.37	0121	0.33
0350640	56.99000000	14112408.99	07.84	0243	0.67
0525960	75.87000000	24883212.07	13.82	0365	1.0
0701280	99.15000000	39156913.15	21.75	0487	1.33
0876600	126.82000000	57704043.62	32.06	0608	1.66
1051920	158.88000000	81295134.88	45.16	0730	2.0
1227240	74.09000000	102309781.89	56.84	0852	2.33
1402560	62.22000000	114755736.82	63.75	0974	2.67
1577880	52.25000000	125208305.25	69.56	1095	3.0
1753200	43.88000000	133985692.68	74.44	1217	3.33
1928520	36.85000000	141357015.05	78.53	1339	3.67
2103840	30.94000000	147547558.34	81.97	1461	4.0
2279160	25.99000000	152745791.39	84.86	1582	4.33
2454480	21.82000000	157111255.22	87.28	1704	4.67
2629800	18.33000000	160777192.93	89.32	1826	5.0
2805120	15.39000000	163855809.19	91.03	1948	5.33
2980440	12.93000000	166440900.13	92.47	2069	5.66
3155760	10.85000000	168613112.85	93.67	2191	6.0
3331080	9.12000000	170436439.12	94.69	2313	6.33
3506400	7.66000000	171967857.86	95.54	2435	6.67
3681720	6.43000000	173253828.83	96.25	2556	7.0
3857040	5.40000000	174333799.0	96.85	2678	7.33
4032360	4.53000000	175241079.13	97.36	2800	7.67
4207680	3.81000000	176001967.21	97.78	2922	8.0
4383000	3.20000000	176641884.6	98.13	3043	8.33
4558320	2.69000000	177179239.89	98.43	3165	8.67
4733640	2.25000000	177630688.45	98.68	3287	9.0
4908960	1.89000000	178009379.29	98.89	3409	9.33
5084280	1.59000000	178327584.79	99.07	3530	9.66
5259600	1.33000000	178594947.53	99.22	3652	10.0
5434920	1.12000000	178818480.32	99.34	3774	10.33
5610240	1.00000000	179006949.2	99.45	3896	10.67
5785560	1.00000000	179182269.2	99.55	4017	11.0
5960880	1.00000000	179357589.2	99.64	4139	11.33
6136200	1.00000000	179532909.2	99.74	4261	11.67
6311520	1.00000000	179708229.2	99.84	4383	12.0
6486840	1.00000000	179883549.2	99.94	4504	12.33
6603291	1.00000000	179999999.2	100.00	4585	12.55
